 	Area	Mean	Min	Max	Median
1	2.903	15971.125	2360	25551	17533
2	2.586	1245.458	1071	1428	1246
3	2.784	1289.923	1018	1534	1287
4	0.697	1211.473	1085	1353	1213
5	0.642	1202.092	1071	1328	1206
6	0.473	1224.500	1098	1356	1228
7	1.204	1202.011	1055	1371	1205
8	0.942	1162.363	1031	1288	1166
9	0.866	1169.698	1050	1314	1167
10	0.663	1175.580	1046	1300	1178
11	3.718	1177.287	1035	1338	1176
12	3.541	1379.409	1073	1631	1386
13	1.179	1220.742	1082	1377	1222
14	0.490	1188.112	1052	1401	1186
15	1.644	1210.558	1073	1353	1210
16	1.048	1206.161	1078	1340	1206
17	1.377	1219.239	1094	1352	1221
18	0.663	1210.739	1079	1362	1217
19	3.372	1197.479	1039	1374	1196
20	0.841	1180.256	1032	1331	1183
21	1.234	1208.733	1073	1347	1211
22	3.524	1191.657	1030	1352	1190
23	1.969	1222.635	1059	1368	1220
24	3.469	1198.181	1025	1339	1199
25	1.187	1247.452	1111	1432	1248
26	0.579	1187.883	1068	1347	1187
27	1.762	1209.192	1057	1335	1208
28	0.562	1197.105	1054	1324	1196
29	0.549	1176.431	1060	1302	1169
30	0.722	1195.854	1079	1343	1198
31	0.693	1184.884	1056	1309	1187
32	0.448	1196.509	1073	1350	1201
33	0.532	1195.746	1069	1318	1198
34	1.821	1200.717	1021	1360	1201
35	0.672	1194.887	1056	1325	1194
36	0.744	1223.159	1078	1358	1224
37	0.727	1186.395	1068	1378	1189
38	1.255	1205.104	1067	1327	1208
39	0.596	1222.206	1072	1352	1217
40	2.235	1215.066	1052	1366	1214
41	2.024	1210.125	1043	1437	1211
42	1.462	1216.373	1099	1381	1217
43	0.731	1232.728	1098	1396	1231
44	1.905	1229.996	1069	1381	1229
45	1.060	1231.143	1049	1359	1234
46	0.520	1191.252	1065	1369	1191
47	2.522	1200.390	1010	1352	1200
48	0.951	1219.564	1016	1364	1218
49	0.883	1221.512	1088	1359	1223
50	0.735	1204.966	1092	1334	1206
51	0.613	1227.503	1091	1375	1230
52	0.541	1180.555	1039	1360	1174
53	2.941	1183.461	1011	1372	1180
54	0.710	1196.417	1034	1364	1196
55	0.976	1198.485	1050	1312	1198
56	1.534	1218.091	1083	1427	1219
57	0.507	1214.917	1075	1346	1215
58	1.529	1230.033	1029	1377	1229
59	1.170	1212.365	1048	1394	1212
60	2.615	1214.323	1082	1388	1213
61	0.507	1222.458	1106	1367	1222
62	1.225	1218.066	1050	1363	1216
63	0.714	1221.621	1092	1339	1224
64	1.263	1199.090	1033	1345	1201
65	0.541	1217.109	1100	1361	1215
66	0.799	1224.312	1115	1353	1220
67	4.652	1209.463	1020	1371	1209
68	0.642	1192.263	1067	1329	1189
69	0.465	1233.027	1102	1386	1234
70	0.976	1232.576	1094	1394	1236
71	1.094	1230.429	1078	1370	1231
72	0.532	1223.024	1108	1358	1224
73	0.841	1226.196	1054	1343	1227
74	0.891	1226.787	1100	1358	1230
75	0.461	1199.312	1049	1372	1195
76	1.694	1226.900	1067	1376	1227
77	1.905	1229.113	1076	1382	1229
78	0.617	1197.000	1052	1385	1197
79	0.845	1212.895	1063	1356	1210
80	0.490	1214.328	1035	1355	1215
81	0.710	1229.673	1100	1373	1229
82	1.694	1229.397	1094	1378	1230
83	1.403	1230.470	1068	1386	1231
84	0.570	1204.948	1076	1381	1206
85	0.494	1211.632	1082	1335	1209
86	0.997	1219.525	1043	1390	1215
87	0.638	1221.026	1075	1343	1213
88	1.808	1231.661	1083	1392	1232
89	2.810	12180.379	1896	24149	11138
90	0.697	1223.097	1099	1358	1225
91	0.537	1230.756	1077	1376	1229
92	2.366	1229.112	1070	1379	1229
93	0.545	1219.078	1114	1341	1226
94	2.210	1202.119	1052	1347	1202
95	0.883	1212.431	1077	1348	1215
96	0.668	1229.108	1105	1394	1232
97	0.646	1230.974	1109	1386	1220
98	2.480	1232.187	1063	1463	1230
99	0.575	1215.809	1037	1333	1219
100	0.553	1224.084	1081	1368	1224
101	2.581	1268.231	1091	1467	1269
102	0.541	1225.719	1105	1335	1222
103	1.508	1586.992	1273	1963	1580
104	2.167	1211.906	1037	1371	1212
105	1.584	1231.800	1078	1378	1231
106	2.172	1227.014	1083	1391	1226
107	0.875	1237.614	1061	1383	1236
108	0.490	1222.164	1031	1359	1224
109	0.866	1240.117	1103	1413	1244
110	0.570	1225.711	1088	1380	1220
111	2.996	1241.901	1107	1401	1242
112	1.255	1234.741	1085	1399	1230
113	3.025	1226.099	1073	1399	1224
114	0.968	1241.524	1076	1465	1236
115	1.001	1229.190	1067	1384	1226
116	0.710	1229.387	1092	1357	1231
117	0.625	1227.986	1063	1367	1228
118	0.731	1256.283	1101	1379	1260
119	0.811	1289.865	1123	1432	1288
120	0.583	1227.036	1097	1351	1231
121	0.849	1216.652	1079	1362	1217
122	0.697	1225.782	1065	1349	1227
123	0.617	1213.849	1072	1338	1216
124	3.739	1271.921	1088	1501	1272
125	2.983	1252.314	1083	1425	1251
126	2.581	1343.552	1116	1614	1326
127	0.608	1240.924	1132	1376	1240
128	2.894	10217.180	1869	24266	7325
129	2.827	1385.498	1107	1787	1350
130	2.991	1314.732	1089	1575	1305
131	2.894	1242.470	1062	1409	1242
132	3.072	2548.155	1240	3937	2608
133	2.738	1275.704	1084	1529	1275
134	3.025	1247.962	1084	1397	1249
135	2.738	1289.022	1110	1553	1286
136	3.515	1454.194	1112	1823	1469
137	3.465	1320.346	1139	1545	1316
138	3.059	1347.619	1183	1582	1346
139	3.072	1329.501	1102	1580	1327
140	3.469	1269.389	1076	1519	1265
141	4.107	1250.142	1077	1480	1248
142	3.498	1257.626	1068	1503	1252
143	3.279	1224.023	1061	1461	1224
144	3.946	1217.585	1043	1400	1217
145	2.831	1244.418	1080	1469	1238
146	2.890	1496.781	1109	2248	1372
147	3.646	1234.562	1073	1397	1234
148	2.983	1240.435	1086	1410	1238
149	0.900	1213.812	1078	1371	1212
