 	Area	Mean	Min	Max	Median
1	4.026	6478.890	2949	13339	4964
2	1.487	5124.821	3496	6425	5244
3	2.151	4639.766	3556	5591	4715
4	2.290	2781.214	2581	3044	2777
5	0.984	2890.545	2693	3144	2888
6	1.863	2793.327	2511	3018	2792
7	2.189	2885.583	2619	3177	2879
8	3.617	2798.835	2532	3140	2797
9	2.320	2797.286	2512	3041	2796
10	3.067	2814.851	2564	3084	2817
11	2.024	2766.979	2506	3033	2768
12	2.949	2771.883	2473	3016	2778
13	2.658	3285.130	2761	3862	3251
14	2.028	2925.252	2581	3168	2924
15	2.294	2731.409	2515	2984	2732
16	1.829	2756.910	2510	3008	2753
17	0.562	2767.707	2576	2936	2766
18	2.243	2814.222	2556	3084	2813
19	1.648	2903.708	2611	3175	2901
20	3.908	4706.405	3243	6158	4688
21	1.914	4051.951	3174	5029	3999
22	1.521	3008.336	2748	3277	3005
23	1.559	2830.035	2612	3161	2830
24	2.869	2868.894	2543	3162	2870
25	2.142	3095.286	2777	3411	3100
26	1.293	5193.997	3933	5886	5316
27	2.282	7594.474	3743	11986	7213
28	3.063	2833.743	2568	3050	2832
29	2.898	2870.792	2549	3140	2874
30	2.125	2869.765	2599	3096	2871
31	1.918	2896.760	2658	3129	2892
32	2.793	2896.422	2619	3134	2895
33	1.736	3254.910	2778	3684	3246
34	2.218	3031.221	2723	3372	3030
35	1.998	2906.611	2617	3141	2909
36	1.234	2812.952	2603	3097	2818
37	3.296	2912.295	2669	3165	2911
38	1.994	2902.441	2623	3126	2905
39	1.918	2867.163	2613	3216	2868
40	3.836	2886.988	2631	3161	2886
41	2.155	7056.196	4801	8666	7143
42	2.404	2762.979	2528	3007	2765
43	4.014	7211.914	3311	13458	6705
44	2.822	2904.871	2652	3223	2905
45	2.260	3147.951	2794	3635	3130
46	2.315	3242.995	2962	3587	3245
47	2.543	2904.462	2637	3137	2902
48	2.155	2944.345	2686	3144	2942
49	3.296	4635.387	3011	7115	4563
50	2.750	3277.641	2864	3707	3265
51	0.786	2948.022	2661	3173	2946
52	3.105	2949.693	2648	3183	2950
53	3.904	4743.187	3078	6007	4834
54	2.227	3174.954	2815	3518	3172
55	3.021	3099.980	2798	3454	3095
56	3.308	2959.554	2713	3223	2963
57	3.372	11095.836	5588	18449	10247
58	2.332	3355.163	2968	3723	3358
59	2.658	2821.388	2495	3093	2821
60	2.839	3992.324	3155	4745	3986
61	2.962	2837.073	2581	3109	2834
62	1.846	9160.851	5250	12116	9221
63	2.205	2876.766	2667	3125	2874
64	3.135	3349.962	2814	4698	3230
65	2.442	5109.464	3135	7393	4959
66	2.687	4113.568	2840	5282	4072
67	2.256	2906.260	2656	3190	2903
68	2.679	11683.549	5028	18646	11245
69	2.979	2926.071	2658	3197	2927
70	2.298	2981.982	2737	3200	2979
71	3.443	2985.491	2711	3226	2987
72	2.687	6492.299	4120	8518	6464
73	3.059	2931.032	2677	3211	2926
74	3.101	2934.195	2649	3244	2932
75	4.170	2827.373	2549	3083	2829
76	2.552	13991.858	4637	22445	13850
77	3.807	2971.063	2698	3224	2971
78	2.391	2964.604	2625	3227	2960
79	2.560	2972.449	2710	3203	2977
80	1.884	3095.504	2818	3393	3094
81	1.297	6402.603	4707	8184	6355
82	2.518	2830.354	2563	3104	2832
83	2.311	2960.016	2706	3233	2955
84	4.225	4249.956	2938	5372	4213
85	2.362	2988.555	2714	3207	2986
86	3.329	2977.930	2650	3360	2977
87	1.614	2828.131	2553	3039	2827
88	2.670	11664.350	4278	16577	12417
89	3.067	3761.362	3107	4373	3760
90	3.401	2993.604	2751	3318	2994
91	3.097	2998.596	2768	3283	3000
92	2.282	5335.054	3241	8803	4853
93	2.645	3164.519	2854	3483	3162
94	1.597	3217.646	2936	3625	3223
95	1.817	2930.607	2624	3213	2926
96	2.455	2996.189	2707	3254	2999
97	1.652	3596.363	3141	4130	3569
98	2.349	7790.218	3941	11105	8161
99	2.239	2912.840	2731	3167	2906
100	2.679	2872.030	2583	3130	2869
101	2.091	3661.004	2879	4980	3518
102	3.122	2978.137	2694	3213	2975
103	3.304	2986.151	2742	3226	2983
104	3.012	2996.283	2699	3305	2995
105	1.711	3032.551	2723	3271	3036
106	2.421	2985.663	2764	3243	2979
107	3.097	2989.026	2640	3302	2990
108	3.122	2955.862	2699	3268	2955
109	2.810	2954.774	2639	3225	2958
110	1.682	2945.209	2681	3209	2948
111	2.294	3009.761	2671	3274	3009
112	2.459	2943.045	2640	3168	2944
113	3.105	2992.411	2738	3269	2991
114	3.579	2984.980	2709	3271	2988
115	2.848	2995.964	2763	3214	2996
116	2.772	3011.616	2793	3294	3010
117	1.880	2980.957	2781	3265	2978
118	1.965	3605.660	3091	4162	3579
119	3.160	2993.017	2747	3257	2993
120	2.539	3072.173	2830	3316	3068
121	4.136	4297.680	3010	8239	3668
122	2.945	3002.548	2704	3298	3004
123	2.484	2932.733	2690	3182	2932
124	4.200	2973.988	2709	3259	2972
125	2.970	2880.663	2625	3139	2884
126	2.501	3008.723	2727	3310	3008
127	2.679	2978.036	2662	3292	2972
128	3.663	2965.894	2723	3240	2966
129	2.189	3033.450	2785	3312	3031
130	2.379	2891.016	2632	3198	2894
131	2.400	3045.025	2718	3355	3043
132	3.752	3029.115	2723	3280	3024
133	2.527	2980.254	2728	3239	2982
134	3.097	3049.529	2779	3379	3047
135	2.239	2844.121	2606	3070	2848
136	2.383	2955.009	2722	3192	2955
137	1.956	2991.568	2754	3221	2992
138	2.451	2973.903	2731	3212	2972
139	3.828	2981.883	2703	3239	2982
140	2.324	2971.225	2734	3238	2973
141	1.893	3348.772	2991	3694	3338
142	2.480	9250.518	4167	17468	8046
143	1.825	3380.465	3023	3932	3342
144	2.091	3156.087	2721	3698	3169
145	1.977	2916.316	2644	3178	2916
146	2.674	2891.158	2651	3171	2889
147	1.910	3090.319	2865	3347	3088
148	2.282	2962.635	2732	3233	2961
149	2.053	3223.831	2811	3693	3209
150	1.791	2920.731	2653	3161	2922
151	2.497	7947.247	4121	12246	7507
152	2.180	2919.395	2700	3140	2922
153	3.553	6216.792	3591	7815	6506
154	2.248	2994.906	2705	3263	2993
155	1.686	3009.890	2762	3251	3009
156	2.843	3011.334	2765	3310	3016
157	1.952	2889.887	2604	3167	2888
158	2.907	2914.221	2647	3234	2916
159	2.041	2961.725	2704	3221	2959
160	1.884	2899.883	2629	3190	2898
161	2.303	2916.949	2618	3155	2920
162	2.725	2877.346	2641	3146	2875
163	2.189	2999.394	2687	3249	3004
164	2.729	2899.031	2645	3161	2896
165	2.345	2975.234	2686	3238	2973
166	1.948	3013.874	2762	3256	3013
167	2.032	3048.836	2738	3319	3049
168	2.214	2907.191	2704	3214	2910
169	1.791	3856.774	3326	4333	3875
170	3.215	2981.649	2732	3257	2983
171	2.252	3317.240	2871	4185	3223
172	2.860	3148.699	2691	3600	3129
173	3.241	2960.083	2725	3207	2957
174	2.315	6101.099	3686	9317	5868
175	3.080	3101.056	2765	3441	3103
176	2.510	3586.002	3194	4216	3563
177	2.645	3033.149	2812	3414	3035
178	3.600	5098.419	3357	7385	4845
179	2.472	3473.809	2868	4232	3449
180	1.703	3051.851	2744	3372	3050
181	2.501	3074.833	2785	3439	3070
182	1.813	3021.725	2779	3234	3021
183	3.591	5778.113	3273	9761	5169
184	1.770	3465.356	3048	4236	3404
185	1.694	12360.681	5283	16933	13180
186	2.290	3740.352	3187	4484	3698
187	2.015	2979.556	2739	3283	2982
188	3.608	2970.307	2684	3220	2974
189	1.914	2951.949	2691	3188	2953
190	1.605	3242.913	2983	3576	3241
191	2.472	3334.038	2948	3924	3288
192	2.945	2928.879	2681	3181	2932
193	1.377	3007.248	2769	3247	3008
194	3.067	2932.631	2591	3187	2934
195	2.036	3479.411	3126	3787	3477
196	2.632	5310.212	3401	6506	5460
197	2.231	3247.373	2864	4041	3194
198	2.586	2886.879	2644	3116	2888
199	2.886	3173.536	2852	3553	3168
200	2.007	4588.493	3576	5945	4418
201	3.304	2981.529	2729	3296	2981
202	2.053	3736.014	3275	4265	3751
203	3.173	3044.688	2723	3352	3044
204	4.111	3060.832	2769	3431	3059
205	1.508	3225.868	2915	3497	3231
206	3.190	2949.481	2703	3203	2949
207	2.531	2928.195	2679	3174	2926
208	1.817	2838.374	2532	3092	2837
209	1.825	3003.250	2754	3228	3007
210	1.711	2885.136	2605	3134	2881
211	1.504	2808.121	2563	3050	2814
212	1.732	2962.661	2706	3214	2965
213	3.735	5415.569	3489	9662	4842
214	2.391	3828.300	2868	4698	3915
215	1.614	3352.353	2955	3765	3350
216	2.134	2936.927	2658	3190	2932
217	2.818	3054.420	2743	3375	3054
218	2.843	2937.539	2700	3183	2934
219	1.635	2826.341	2559	3011	2830
220	1.872	10636.095	4285	16149	10998
221	3.148	2864.630	2609	3115	2862
222	3.076	2926.435	2685	3176	2930
223	1.715	8548.485	4992	13686	8151
224	2.277	3252.770	2924	3559	3253
225	1.834	2883.871	2604	3131	2882
226	1.969	3435.848	3137	3736	3435
227	1.128	3702.850	3288	4136	3694
228	0.592	2855.486	2590	3053	2864
