

Software Version	3.00.19



Experiment File Path:	C:\Users\Public\Documents\Experiments\Practical Course\2017-12-15_Gr5.xpt
Protocol File Path:	C:\Users\Public\Documents\Protocols\Practical Course\2017-11-10_singlCopyPlasm_ mCherry_GFP_OD600_discont.prt



Plate Number	Plate 1
Date	12/15/2017
Time	12:41:54 PM
Reader Type:	Synergy H1
Reader Serial Number:	14112519
Reading Type	Reader

Procedure Details

Plate Type	Nunc 96 flat bottom generic
Discontinuous Kinetics	Runtime 0:09:00 (D:HH:MM), Interval 0:00:30, 19 Reads
	Pause after each run
Eject plate on completion	
Set Temperature	Setpoint 37°C
Shake	Orbital: 0:30 (MM:SS)
	Frequency: 807 cpm (1 mm)
Read	mCherry
	Fluorescence Endpoint
	Full Plate
	Filter Set 1
	    Excitation: 578,  Emission: 614
	    Optics: Bottom,  Gain: 148
	Light Source: Xenon Flash,  Lamp Energy: High
	Read Speed: Normal,  Delay: 100 msec,  Measurements/Data Point: 10
	Read Height: 7 mm
Read	GFP
	Fluorescence Endpoint
	Full Plate
	Filter Set 1 (Green)
	    Excitation: 485/20,  Emission: 528/20
	    Mirror: Top 510 nm,  Gain: 56
	Light Source: Xenon Flash,  Lamp Energy: High
	Read Speed: Normal,  Delay: 100 msec,  Measurements/Data Point: 10
	Read Height: 6.25 mm
Read	OD600
	Absorbance Endpoint
	Full Plate
	Wavelengths:  600
	Read Speed: Normal,  Delay: 100 msec,  Measurements/Data Point: 8

mCherry:578,614

Time	T° mCherry:578,614	A1	A2	A3	A4	A5	A6	A7	A8	A9	A10	A11	A12	B1	B2	B3	B4	B5	B6	B7	B8	B9	B10	B11	B12	C1	C2	C3	C4	C5	C6	C7	C8	C9	C10	C11	C12	D1	D2	D3	D4	D5	D6	D7	D8	D9	D10	D11	D12	E1	E2	E3	E4	E5	E6	E7	E8	E9	E10	E11	E12	F1	F2	F3	F4	F5	F6	F7	F8	F9	F10	F11	F12	G1	G2	G3	G4	G5	G6	G7	G8	G9	G10	G11	G12	H1	H2	H3	H4	H5	H6	H7	H8	H9	H10	H11	H12
0:00:31	29.6	338	407	404	546	554	407	385	357	411	452	473	391	352	375	374	522	552	417	366	461	444	426	433	351	423	522	341	383	368	428	418	315	462	505	417	385	518	427	439	483	436	497	351	464	1593	2002	1754	1741	349	269	464	389	319	436	398	360	531	391	399	1178	355	423	411	399	386	712	388	474	361	374	358	428	1931	1842	1602	2006	1532	1937	1675	1955	391	421	296	418	2026	1892	1548	1706	1417	2009	1771	1740	475	333	347	362
1:23:50	37.0	383	417	388	505	478	441	403	414	426	428	387	439	427	467	363	382	332	371	377	453	481	469	462	351	323	398	298	412	381	319	370	308	330	402	464	419	396	312	438	508	366	445	352	398	1345	1415	1382	1416	414	272	430	334	427	423	482	381	345	350	301	328	368	288	430	409	406	534	345	367	370	405	301	302	1524	1386	1322	1447	1250	1350	1217	1187	288	468	401	377	1368	1248	1279	1270	1366	1388	1253	1350	320	371	266	420
1:55:01	37.0	434	429	349	446	623	281	428	436	384	380	386	444	355	399	422	407	338	523	357	311	433	268	358	363	479	407	427	437	338	468	438	414	384	436	489	420	487	381	313	388	372	411	440	454	1355	1190	1377	1253	284	404	286	336	411	440	382	320	364	316	198	313	400	368	355	426	336	449	415	381	366	349	370	319	1400	1396	1226	1241	1366	1332	1350	1307	307	369	326	287	1414	1380	1233	1467	1296	1455	1488	1206	314	548	277	314
2:30:57	37.0	246	361	347	490	573	371	375	308	421	513	336	381	401	363	334	391	373	422	309	410	333	361	483	333	395	446	547	373	554	314	358	579	444	458	326	363	373	452	458	437	484	455	536	512	1407	1314	1174	1326	367	271	335	357	255	307	449	336	321	345	307	267	366	365	413	390	334	482	292	363	387	474	388	345	1396	1208	1297	1283	1239	1367	1289	1081	382	400	441	303	1388	1387	1082	1380	1233	1227	1186	1255	354	845	382	280
2:57:22	37.0	360	336	273	491	477	469	458	363	342	386	402	439	335	457	452	296	428	353	331	330	495	466	542	345	322	544	396	471	491	514	515	558	445	334	369	361	373	455	427	487	505	456	519	509	1274	1314	1106	1408	399	320	339	428	320	338	305	470	283	335	342	385	347	331	292	305	372	512	277	345	473	371	353	390	1146	1119	964	1197	951	1097	955	940	393	386	370	260	1573	1215	1147	1280	1320	1081	1017	992	360	358	374	304
3:31:09	37.0	507	472	419	739	541	437	428	484	449	442	497	359	442	388	293	285	444	404	351	364	398	355	594	504	324	391	473	406	671	513	501	655	321	391	362	416	403	417	442	530	724	552	568	551	1360	1658	1520	1460	437	461	428	311	411	505	366	449	447	416	342	300	433	352	277	497	427	435	336	406	287	372	727	263	1760	1550	1129	1616	1154	1093	1046	997	376	328	378	347	1782	2540	2134	3095	1620	1275	1581	1142	353	408	267	344
4:01:19	37.0	437	532	537	1072	551	554	533	647	301	352	415	459	519	450	337	560	467	568	448	406	388	422	580	578	316	330	601	576	886	583	629	597	371	255	402	343	382	340	636	462	886	511	614	746	2025	1904	1669	2550	496	546	448	602	438	507	499	514	340	309	351	415	529	451	682	521	477	732	517	552	404	339	441	369	3043	1902	1620	3101	1264	1677	1717	1689	313	313	396	428	3057	2580	1868	2857	1515	2347	1564	1155	370	687	386	338
4:38:16	37.0	723	778	583	774	846	752	835	713	357	399	413	584	832	753	668	800	520	865	678	803	557	565	631	793	390	468	599	463	1268	672	1538	846	564	301	325	430	443	443	866	355	1274	679	1250	783	2505	2624	2388	2878	716	902	731	815	505	913	791	785	320	279	376	426	780	718	878	838	502	749	776	724	303	330	457	357	3579	2520	1873	2239	1373	2319	1463	1508	339	516	317	378	3444	2948	2320	2930	1751	1935	1659	1130	322	400	351	342
0:00:00	0.0																																																																																																
0:00:00	0.0																																																																																																
0:00:00	0.0																																																																																																
0:00:00	0.0																																																																																																
0:00:00	0.0																																																																																																
0:00:00	0.0																																																																																																
0:00:00	0.0																																																																																																
0:00:00	0.0																																																																																																
0:00:00	0.0																																																																																																
0:00:00	0.0																																																																																																
0:00:00	0.0																																																																																																

GFP:485/20,528/20

Time	T° GFP:485/20,528/20	A1	A2	A3	A4	A5	A6	A7	A8	A9	A10	A11	A12	B1	B2	B3	B4	B5	B6	B7	B8	B9	B10	B11	B12	C1	C2	C3	C4	C5	C6	C7	C8	C9	C10	C11	C12	D1	D2	D3	D4	D5	D6	D7	D8	D9	D10	D11	D12	E1	E2	E3	E4	E5	E6	E7	E8	E9	E10	E11	E12	F1	F2	F3	F4	F5	F6	F7	F8	F9	F10	F11	F12	G1	G2	G3	G4	G5	G6	G7	G8	G9	G10	G11	G12	H1	H2	H3	H4	H5	H6	H7	H8	H9	H10	H11	H12
0:00:00	30.6	2623	3077	3441	2717	3643	2520	3085	3127	2548	2533	2525	2647	2517	3059	3512	2471	3504	2431	2989	2984	3003	2961	2999	3075	4253	4909	5400	4221	5377	4046	4913	4802	4895	4873	4872	4993	4361	4940	5434	4210	5440	3973	4977	5018	2871	2911	2848	2967	2504	3021	3476	2459	3459	2401	3034	3049	948	818	818	818	2409	2953	3390	2462	3382	2458	3014	3034	830	835	831	798	2353	2849	3236	2202	3185	2161	2801	2793	836	840	830	815	2360	2864	3333	2348	3239	2282	2827	2893	841	822	813	824
1:23:19	37.0	2638	3058	3298	2693	3487	2522	3048	3061	2348	2319	2283	2414	2520	3023	3384	2509	3413	2481	2957	2963	3016	2935	2978	3039	3707	4347	4690	3710	4629	3610	4258	4263	4432	4403	4399	4496	3818	4367	4746	3764	4663	3465	4208	4361	2679	2736	2650	2766	2512	3027	3396	2516	3385	2463	3035	3071	891	774	768	774	2452	2957	3327	2505	3324	2535	3045	3027	813	781	780	756	2205	2700	3098	2095	3153	2101	2852	2862	792	855	777	772	2218	2706	3157	2224	3200	2280	2866	2938	793	774	775	784
1:54:30	36.9	2805	3256	3519	2906	3668	2700	3217	3232	2257	2277	2239	2321	2701	3220	3563	2681	3587	2643	3135	3151	3173	3113	3161	3183	3590	4187	4507	3522	4376	3332	4007	4076	4298	4309	4353	4357	3655	4217	4614	3492	4476	3320	4036	4154	2732	2739	2691	2720	2702	3256	3585	2707	3551	2667	3200	3240	788	771	757	766	2613	3144	3514	2672	3517	2716	3221	3228	809	779	772	750	2242	2709	3104	2139	3305	2284	3030	3002	777	777	773	766	2238	2689	3191	2290	3372	2408	3013	3095	792	799	778	773
2:30:26	37.0	3241	3732	4006	3350	4164	3127	3644	3715	2231	2194	2168	2279	3119	3713	4071	3088	4063	3079	3638	3598	3681	3603	3637	3621	3645	4310	4588	3572	4321	3315	3944	4035	4642	4636	4597	4379	3709	4273	4626	3618	4428	3328	4014	4148	2748	2742	2685	2760	3150	3764	4137	3154	4064	3115	3724	3785	783	768	753	769	3060	3635	4031	3145	4022	3138	3736	3671	802	771	769	747	2299	2762	3456	2328	3868	2683	3522	3409	780	768	767	766	2301	2750	3570	2513	3948	2759	3438	3469	784	807	769	772
2:56:51	37.0	3665	4172	4422	3766	4608	3554	4094	4143	2221	2171	2166	2267	3537	4161	4514	3497	4500	3482	4082	4067	4167	4069	4060	4010	3366	3814	4064	3348	3970	3066	3825	3696	4265	4199	4110	4058	3495	3939	4173	3352	3963	3029	3539	3637	2777	2774	2720	2800	3578	4249	4572	3598	4545	3540	4181	4198	774	774	755	763	3463	4079	4513	3552	4469	3573	4185	4074	797	834	846	756	2350	2797	3590	2420	4097	2717	3549	3512	770	769	768	767	2352	2815	3913	2779	4332	2950	3727	3608	784	772	777	775
3:30:38	37.0	4426	4989	5226	4477	5473	4222	4896	4956	2193	2241	2178	2248	4218	4961	5322	4138	5333	4102	4844	4863	4970	4894	4838	4929	3431	3793	4094	3129	3940	2897	3748	3381	3821	3824	3961	4027	3546	3938	4119	3139	4048	2862	3572	3507	2846	2866	2792	2941	4301	5059	5412	4275	5371	4183	4967	5035	804	769	751	759	4145	4900	5355	4259	5322	4197	4999	4888	797	828	795	755	2430	2935	4138	2882	4728	3146	4165	3996	766	767	763	766	2463	3167	5531	4714	5840	3402	4863	4405	790	767	756	769
4:00:48	37.0	5099	5754	6157	5144	6351	4848	5628	5686	2218	2240	2148	2244	4857	5718	6280	4735	6197	4687	5562	5594	5759	5660	5621	5652	3727	4286	4482	3281	4294	3069	3901	3385	4194	4125	4036	4216	3686	4449	6185	3383	4556	3040	3865	3564	2960	2995	2916	3079	4953	5825	6307	4916	6298	4817	5742	5808	795	762	753	761	4798	5644	6275	4863	6227	4803	5765	5517	808	765	818	775	2608	3144	4877	3958	5440	4055	6107	5331	771	779	860	767	2583	3344	5680	4892	6078	5440	5328	4613	787	795	806	793
4:37:45	37.0	6118	7013	7434	6084	7982	5701	6689	6779	2236	2218	2178	2340	5856	6710	7404	5571	7278	5484	6509	6554	6731	6580	6478	6688	3819	4060	5011	3527	5255	3390	5464	3621	5015	4585	4519	4836	3926	4823	6653	3457	5214	3266	4617	3678	3132	3147	3110	3295	5904	6957	7428	5742	7431	5633	6703	6775	793	768	765	770	5738	6733	7351	5592	7320	5556	6667	6453	798	779	839	749	2719	3391	5731	4281	6261	5400	6016	5556	773	1272	781	769	2754	3619	6812	5606	6942	4700	5846	4703	793	787	901	792
0:00:00	0.0																																																																																																
0:00:00	0.0																																																																																																
0:00:00	0.0																																																																																																
0:00:00	0.0																																																																																																
0:00:00	0.0																																																																																																
0:00:00	0.0																																																																																																
0:00:00	0.0																																																																																																
0:00:00	0.0																																																																																																
0:00:00	0.0																																																																																																
0:00:00	0.0																																																																																																
0:00:00	0.0																																																																																																

OD600:600

Time	T° OD600:600	A1	A2	A3	A4	A5	A6	A7	A8	A9	A10	A11	A12	B1	B2	B3	B4	B5	B6	B7	B8	B9	B10	B11	B12	C1	C2	C3	C4	C5	C6	C7	C8	C9	C10	C11	C12	D1	D2	D3	D4	D5	D6	D7	D8	D9	D10	D11	D12	E1	E2	E3	E4	E5	E6	E7	E8	E9	E10	E11	E12	F1	F2	F3	F4	F5	F6	F7	F8	F9	F10	F11	F12	G1	G2	G3	G4	G5	G6	G7	G8	G9	G10	G11	G12	H1	H2	H3	H4	H5	H6	H7	H8	H9	H10	H11	H12
0:00:00	31.5	0.051	0.051	0.050	0.055	0.052	0.052	0.051	0.050	0.038	0.038	0.039	0.038	0.051	0.051	0.056	0.051	0.051	0.051	0.051	0.051	0.052	0.052	0.051	0.051	0.047	0.048	0.048	0.052	0.048	0.048	0.048	0.047	0.048	0.048	0.048	0.048	0.048	0.049	0.050	0.047	0.048	0.047	0.048	0.048	0.048	0.049	0.048	0.049	0.059	0.052	0.051	0.051	0.052	0.052	0.052	0.051	0.047	0.047	0.048	0.048	0.051	0.051	0.051	0.051	0.051	0.058	0.051	0.052	0.048	0.048	0.048	0.047	0.048	0.048	0.048	0.048	0.049	0.048	0.048	0.049	0.048	0.048	0.047	0.047	0.048	0.047	0.048	0.047	0.048	0.049	0.048	0.048	0.048	0.047	0.047	0.049
1:23:18	37.0	0.065	0.065	0.065	0.068	0.066	0.067	0.065	0.064	0.038	0.039	0.039	0.039	0.065	0.066	0.066	0.067	0.065	0.066	0.064	0.063	0.063	0.065	0.063	0.064	0.051	0.052	0.055	0.056	0.052	0.050	0.052	0.051	0.051	0.052	0.052	0.051	0.052	0.053	0.055	0.051	0.052	0.050	0.051	0.052	0.052	0.053	0.052	0.052	0.073	0.066	0.066	0.064	0.068	0.065	0.066	0.064	0.047	0.047	0.048	0.048	0.065	0.064	0.066	0.066	0.066	0.072	0.066	0.065	0.049	0.048	0.048	0.047	0.051	0.052	0.052	0.051	0.053	0.052	0.052	0.053	0.048	0.050	0.048	0.047	0.051	0.051	0.052	0.051	0.052	0.053	0.052	0.052	0.048	0.047	0.047	0.049
1:54:30	37.0	0.082	0.080	0.078	0.085	0.081	0.083	0.078	0.078	0.038	0.039	0.039	0.039	0.082	0.081	0.081	0.078	0.079	0.082	0.079	0.078	0.077	0.079	0.078	0.078	0.059	0.055	0.057	0.056	0.054	0.052	0.054	0.052	0.053	0.054	0.054	0.053	0.060	0.059	0.057	0.053	0.055	0.051	0.053	0.054	0.055	0.065	0.055	0.060	0.083	0.083	0.082	0.082	0.084	0.082	0.082	0.080	0.048	0.048	0.048	0.048	0.083	0.081	0.082	0.083	0.081	0.098	0.083	0.080	0.061	0.048	0.048	0.047	0.053	0.055	0.055	0.053	0.056	0.054	0.057	0.055	0.048	0.049	0.047	0.048	0.053	0.053	0.055	0.052	0.055	0.054	0.054	0.053	0.048	0.049	0.048	0.049
2:30:25	37.0	0.109	0.107	0.104	0.112	0.107	0.111	0.102	0.103	0.039	0.039	0.039	0.039	0.110	0.107	0.108	0.103	0.107	0.109	0.102	0.101	0.100	0.101	0.101	0.102	0.054	0.057	0.060	0.057	0.055	0.053	0.055	0.053	0.055	0.055	0.055	0.053	0.060	0.058	0.058	0.054	0.056	0.052	0.054	0.055	0.057	0.067	0.057	0.061	0.111	0.109	0.107	0.110	0.111	0.108	0.107	0.106	0.048	0.048	0.048	0.048	0.110	0.108	0.108	0.108	0.109	0.125	0.109	0.104	0.061	0.048	0.048	0.047	0.055	0.056	0.058	0.054	0.057	0.057	0.058	0.056	0.049	0.049	0.047	0.048	0.054	0.054	0.056	0.053	0.056	0.055	0.055	0.054	0.048	0.055	0.048	0.049
2:56:50	37.0	0.140	0.137	0.134	0.144	0.137	0.141	0.131	0.132	0.039	0.039	0.040	0.039	0.143	0.136	0.137	0.136	0.136	0.140	0.131	0.125	0.125	0.127	0.126	0.128	0.054	0.056	0.059	0.055	0.055	0.053	0.055	0.053	0.054	0.054	0.054	0.053	0.056	0.059	0.057	0.052	0.055	0.052	0.053	0.054	0.055	0.066	0.056	0.061	0.143	0.139	0.136	0.142	0.141	0.142	0.137	0.131	0.048	0.048	0.048	0.048	0.140	0.137	0.137	0.138	0.137	0.155	0.137	0.131	0.050	0.051	0.048	0.047	0.055	0.056	0.056	0.053	0.056	0.062	0.058	0.055	0.048	0.049	0.047	0.048	0.055	0.054	0.060	0.054	0.057	0.054	0.055	0.053	0.048	0.050	0.048	0.049
3:30:37	37.0	0.192	0.188	0.178	0.212	0.184	0.193	0.179	0.180	0.039	0.045	0.040	0.039	0.189	0.186	0.183	0.195	0.182	0.193	0.175	0.166	0.165	0.166	0.166	0.171	0.055	0.056	0.059	0.065	0.055	0.053	0.056	0.053	0.054	0.054	0.055	0.053	0.057	0.062	0.057	0.053	0.056	0.053	0.054	0.055	0.057	0.067	0.057	0.064	0.198	0.189	0.180	0.195	0.185	0.196	0.185	0.175	0.048	0.048	0.050	0.048	0.191	0.185	0.181	0.188	0.179	0.195	0.184	0.177	0.050	0.051	0.052	0.048	0.057	0.057	0.057	0.055	0.058	0.064	0.058	0.055	0.048	0.049	0.047	0.049	0.058	0.063	0.064	0.064	0.064	0.057	0.057	0.054	0.048	0.052	0.048	0.048
4:00:47	37.0	0.226	0.237	0.221	0.274	0.225	0.226	0.226	0.227	0.040	0.048	0.040	0.039	0.226	0.235	0.218	0.258	0.219	0.245	0.225	0.208	0.207	0.206	0.206	0.218	0.056	0.058	0.064	0.068	0.057	0.055	0.057	0.054	0.055	0.055	0.055	0.054	0.058	0.062	0.062	0.063	0.067	0.055	0.055	0.056	0.060	0.070	0.060	0.069	0.248	0.236	0.218	0.256	0.220	0.258	0.247	0.226	0.048	0.048	0.050	0.049	0.227	0.229	0.218	0.243	0.214	0.252	0.239	0.236	0.051	0.049	0.050	0.050	0.061	0.061	0.060	0.062	0.067	0.060	0.065	0.060	0.048	0.049	0.049	0.048	0.064	0.063	0.064	0.065	0.065	0.066	0.059	0.053	0.048	0.054	0.048	0.049
4:37:44	37.0	0.326	0.324	0.273	0.338	0.285	0.271	0.291	0.281	0.040	0.039	0.039	0.051	0.286	0.336	0.266	0.342	0.273	0.333	0.288	0.260	0.266	0.281	0.291	0.312	0.060	0.059	0.064	0.064	0.065	0.058	0.065	0.056	0.059	0.057	0.057	0.056	0.064	0.062	0.067	0.064	0.070	0.057	0.065	0.057	0.064	0.064	0.064	0.072	0.321	0.308	0.267	0.327	0.267	0.342	0.333	0.298	0.048	0.048	0.049	0.049	0.283	0.297	0.260	0.323	0.260	0.320	0.316	0.329	0.049	0.049	0.050	0.049	0.074	0.065	0.064	0.065	0.070	0.066	0.064	0.062	0.048	0.049	0.048	0.048	0.069	0.067	0.070	0.069	0.067	0.071	0.063	0.057	0.048	0.048	0.050	0.050
0:00:00	0.0																																																																																																
0:00:00	0.0																																																																																																
0:00:00	0.0																																																																																																
0:00:00	0.0																																																																																																
0:00:00	0.0																																																																																																
0:00:00	0.0																																																																																																
0:00:00	0.0																																																																																																
0:00:00	0.0																																																																																																
0:00:00	0.0																																																																																																
0:00:00	0.0																																																																																																
0:00:00	0.0																																																																																																

